f5_l-d_kp_15_375
n 15
c 375
z 481.0694
time
1, 0.125126 , 56.358531, 0
2, 19.330424,  80.874050, 0
3, 58.500931,  47.987304, 0
4, 35.029145,  89.596240, 0
5, 82.284005,  74.660482, 0
6, 17.410810,  85.894345, 0
7, 71.050142,  51.353496, 0
8, 30.399487,  1.498459, 0
9, 9.140294 , 36.445204, 0
10, 14.731285,  16.589862, 0
11, 98.852504,  44.569231, 0
12, 11.908322,  0.466933, 0
13, 0.891140 , 37.788018, 0
14, 53.166295,  57.118442, 0
15, 60.176397,  60.716575, 0
---------------------------
